15095020
15095021
15095022
15095023
15095024
15095025
15095026
15095027
15095028
15096025
15096026
15096027
15096028
15096029
15096030
15096031
15096032
15097006
15097007
15097008
15097009
15097010
15097011
15097012
15097013
15097034
15097039
15097040
15097041
15097042
15097043
15097044
15097046
15097049
15097050
15097051
15097054
15097055
15097056
15097057
15097059
15097061
15097062
15097063
15097064
15097065
15098001
15098002
15098003
15098005
15098029
15098035
15098036
15098037
15098038
15098039
15098042
15100031
15100032
15100033
15100035
15100036
15100037
15100038
15100039
15100040
15100100
15100101
15100102
15100103
15101014
15101015
15101016
15101017
15101018
15101019
15101020
15101021
15101022
15101023
15102019
15102020
15102021
15102022
15102023
15102024
15102026
15102056
15102057
15102058
15102059
15102060
15103024
15103025
15103026
15103027
15103028
15103029
15103030
15103031
15103060
15103062
15104016
15104017
15104018
15104019
15104020
15104021
15104022
15104023
15104024
15104066
15104067
15104068
15104069
15104070
15105001
15105002
15105003
15105004
15105005
15105006
15105008
15105023
15105024
15105025
15105026
15105028
15105029
15105030
15105031
15105032
15105033
15105068
15105070
15105071
15105072
15105073
15106001
15106002
15106005
15106008
15106009
15106010
15106011
15107008
15107009
15107010
15107011
15107013
15107014
15107015
15107087
15107088
15107089
15107090
15108001
15108016
15108017
15108018
15108019
15108020
15108022
15108023
15108024
15108025
15108027
15108028
15109006
15109007
15109008
15109009
15109010
15109011
15109012
15109013
15109038
15109039
15109040
15109041
15109042
15109043
15109045
15109046
15110008
15110009
15110010
15110011
15110012
15110013
15110031
15110032
15110033
15110034
15110035
15112005
15112006
15112007
15112028
15112029
15112030
15112031
15113001
15114053
15114054
15114055
15114056
15114057
15114058
15115085
15115086
15115087
15115088
15116039
15116040
15116041
15116042
15117003
15117004
15117005
15117066
15117067
15117068
15117069
15117070
15118019
15118020
15118021
15118022
15118023
15118024
15119011
15119012
15119013
15119014
15119015
15119035
15119036
15119065
15120001
15120002
15120004
15120005
15120006
15120007
15120008
15120009
15120011
15121006
15121007
15121008
15121009
15121012
15121013
15121015
15121016
15121017
15121018
15121062
15121077
15121078
15122003
15122004
15122006
15122008
15122010
15122011
15122042
15122043
15122044
15122045
15122049
15123009
15123010
15123011
15123027
15123028
15123035
15123036
15123037
15124006
15124008
15124010
15124040
15124041
15124042
15124043
15124044
15124063
15125001
15125002
15125003
15125007
15126017
15126018
15126019
15126021
15126022
15126023
15126051
15126052
15126053
15126054
15127013
15128029
15128030
15128031
15128032
15128033
15129009
15129010
15129011
15129012
15129013
15129014
15129015
15129016
15129017
15129018
15129022
15130007
15130008
15130009
15130011
15130045
15130046
15130047
15130048
15131012
15131013
15131014
15131050
15131051
15131052
15131053
15132019
15132035
15132036
15132037
15132038
15133018
15133019
15133020
15133021
15134008
15134009
15134010
15136013
15136014
15136015
15136016
15136017
15137038
15138074
15138075
15139023
15139024
15139025
15139026
15140004
15140005
15140006
15140007
15140029
15140030
15140031
15140032
15140034
15140035
15140036
15140037
15141004
15141006
15141007
15141009
15141010
15141011
15141012
15141013
15142021
15142022
15142025
15143037
15143038
15143039
15143040
15144013
15144014
15144015
15144017
15144018
15144054
15144056
15144058
15144060
15145022
15145023
15145024
15146020
15146023
15146025
15146026
15146059
15146060
15146061
15146062
15147009
15147010
15147011
15147012
15147013
15147014
15147015
15150059
15150060
15150061
15150063
15150064
15151019
15151020
15151021
15151022
15151023
15151024
15151050
15151051
15151052
15151053
15151054
15151055
15151056
15152015
15152016
15152017
15152018
15152020
15152050
15152051
15152052
15152053
15152054
15153014
15153015
15153017
15153018
15153019
15153022
15153052
15153053
15153054
15153055
15153056
15153057
15153058
15154001
15154002
15154003
15154021
15154022
15154023
15154024
15156019
15156020
15156021
15156022
15156023
15156024
15157022
15157023
15157024
15157025
15157028
15157059
15157060
15157061
15158001
15158039
15158040
15159005
15159006
15159007
15159008
15159009
15159031
15159032
15159033
15159034
15159035
15159036
15160004
15160005
15160006
15160007
15160042
15160043
15160044
15160045
15160046
15160047
15160048
15161016
15161017
15161018
15161019
15161020
15161021
15161022
15161068
15161069
15161070
15161071
15161072
15162001
15162027
15162028
15162029
15162030
15162031
15162032
15163006
15163007
15163008
15163009
15163010
15164002
15164003
15164049
15165040
15165041
15165042
15165043
15165044
15165045
15165046
15165047
15166010
15166014
15166015
15166016
15166017
15166040
15166041
15166042
15166043
15166044
15166045
15166046
15166047